y = [29.99999994  9.99999991]
x1 = 0
x2 = 2750.0
x3 = 0
x4 = 4500.0