y1 = 1.33333333
y2 = 0.16666667